0.000000000000000000e+00
2.493351162906656902e-03
1.329786708935144085e-02
2.244016294308165405e-02
8.311171203534653551e-02
1.022274162560859873e-01
1.421210237164446666e-01
2.285571808510638292e-01
3.449135296482672142e-01
4.629321579643069229e-01
6.698803106778637995e-01
8.693483492181180994e-01
1.239195479664634503e+00
1.659740719874884807e+00
2.215757901641599581e+00
2.829122181209002385e+00
3.459939999416708378e+00
4.334275153752892074e+00
5.255984034676580485e+00
6.523437456827253733e+00
8.622007767739210848e+00
1.083194797591088232e+01
1.260804496346378478e+01
1.611951429414206061e+01
1.828374308311043706e+01
2.226728704099127398e+01
2.775598381908531209e+01
3.330867649600940439e+01
3.966422808762798269e+01
4.829620951204560697e+01
5.591007259035324495e+01
6.501745268766906349e+01
7.094414813996371549e+01
7.973487280678261868e+01
8.853723291998748834e+01
1.002742672794835386e+02
1.105435494075905751e+02
1.262034558445869123e+02
1.396958096419768083e+02
1.548986016163364638e+02
1.736569127880353847e+02
1.964635949481546220e+02
2.199218728399384588e+02
2.497406886764207457e+02
2.803823109912782456e+02
3.076454418930571819e+02
3.375357338505985467e+02
3.659441454456487577e+02
3.939095717449820881e+02
4.194340055549586737e+02
4.503390904778535173e+02
4.779521232973065707e+02
5.051678822947383765e+02
5.212159191946835790e+02
5.313289524930680727e+02
5.359316789619426800e+02
5.314901878170550162e+02
5.182696089044491146e+02
4.970993964506828320e+02
4.739145546299504304e+02
4.476803465141974243e+02
4.182022891101486834e+02
3.850124622825186407e+02
3.574684126812845761e+02
3.301969701715279371e+02
3.066181807284629599e+02
2.837865655384759407e+02
2.671725364102229037e+02
2.502892252913567290e+02
2.341256618960773039e+02
2.155161213880266189e+02
2.009940138690426181e+02
1.812907223666503000e+02
1.648886280908048718e+02
1.505668197236484502e+02
1.382089411143827817e+02
1.255244333581860303e+02
1.134217070029216217e+02
1.036261622967356999e+02
8.971243238502597706e+01
7.999251847696599782e+01
6.990525165453250622e+01
6.091672144635169417e+01
5.341589060659084254e+01
4.797124262775933801e+01
4.300947424301139677e+01
4.001246593373039673e+01
3.495678155772149864e+01
3.069980028986390863e+01
2.734541202811128002e+01
2.398188161942983854e+01
2.111702124656926216e+01
1.920212773984530941e+01
1.677027904766641342e+01
1.477892264170185754e+01
1.276180168001991788e+01
1.112699426278382830e+01
9.311003787127233977e+00
7.980385510389633730e+00
7.290558508062299659e+00
6.668883032769836738e+00
5.571808528521672521e+00
4.822972103051761827e+00
4.293550449879245612e+00
3.804853701211036388e+00
3.626163451972001628e+00
3.444148886433624046e+00
3.252991954449247380e+00
2.724401543828401273e+00
2.352061108042030391e+00
1.949800548708423120e+00
1.795212834815871128e+00
1.500997325762155166e+00
1.210937535320903979e+00
8.385970623807069702e-01
5.967420367325874109e-01
3.939495283238431123e-01
2.676196832289087224e-01
1.404587863052779162e-01
4.986701335044617378e-02
1.163563958587164604e-02
1.828456941516475379e-02
2.244016046615991342e-02
2.742686279197322635e-02
8.061835591859639605e-02
