5.738095127578292320e+00
7.144345094760258696e+00
7.781249936670064926e+00
8.315476145417918019e+00
9.846726017782376772e+00
1.493154763066697654e+01
1.688690463391442975e+01
1.972916697240656347e+01
2.212202385112288283e+01
2.764583306963599796e+01
3.149404750965047839e+01
3.622767856716001234e+01
4.460119071383295619e+01
5.010565488676851231e+01
5.702976200568844689e+01
6.581994015418570143e+01
7.412499963705029415e+01
8.477678572498483334e+01
9.727083391598647211e+01
1.102023811301305187e+02
1.232068446930497885e+02
1.408913686339344338e+02
1.597380950514759377e+02
1.799270834818127582e+02
2.016130954315442523e+02
2.237276790863168969e+02
2.457172610176106389e+02
2.682142857861305743e+02
2.931071426808124443e+02
3.144122025308509478e+02
3.349761924795096775e+02
3.525416674092411995e+02
3.662604187642933766e+02
3.762991080371041903e+02
3.779836325573601812e+02
3.746116098825864356e+02
3.613199422878789733e+02
3.478422640867176483e+02
3.260461335491743853e+02
3.090208364739304443e+02
2.915505962535029312e+02
2.668482149862462620e+02
2.410863095251399955e+02
2.224345233102905581e+02
2.045610115597290530e+02
1.858184518031997641e+02
1.768943449083183452e+02
1.618869038889118031e+02
1.482931539327615837e+02
1.372797622447944264e+02
1.289761904427515731e+02
1.162886899252909956e+02
1.042202371749139900e+02
9.102529703772493974e+01
8.519791619453046394e+01
7.575743998223472886e+01
6.362202269956469536e+01
5.478273741013946818e+01
4.808184455947152003e+01
4.203422554946016731e+01
3.739880909256282138e+01
3.206398756620252755e+01
2.673214235387387561e+01
2.296428521208110141e+01
1.967857054301670772e+01
1.556994006303804312e+01
1.365624960689317646e+01
1.168452342528672361e+01
9.264880724783454369e+00
7.488095048548919941e+00
6.168154726869294002e+00
5.312499906202512001e+00
