1.109029718730539932e-02
9.365140369355866301e-03
7.393534885784053094e-03
6.161278337005185110e-03
5.668378067834520077e-03
1.478706463019742630e-02
1.873028441111936060e-02
2.784897464588989568e-02
3.795347349829854278e-02
3.524250916443318754e-02
4.953667425994147389e-02
5.175473355050624891e-02
5.347989330638188571e-02
5.717665230273636517e-02
7.763209646973136258e-02
3.112677472999043071e-01
2.984522855825934018e-01
3.637618246438328318e-01
4.135449229642654823e-01
3.773166257476768815e-01
5.520504799433498810e-01
6.252464420405988710e-01
8.108241399838250762e-01
1.036819798816054128e+00
1.156348597746025053e+00
1.478953055276503115e+00
1.918375354013420520e+00
2.354100944065967926e+00
2.770356858172674297e+00
3.240339072018697308e+00
3.959976305064307311e+00
4.748126966562944418e+00
5.798747956573564011e+00
6.871796097225959521e+00
8.212243571101867090e+00
9.734325566474488767e+00
1.126010442881224982e+01
1.356318999133814707e+01
1.578174282732230260e+01
1.874654962216123621e+01
2.157432953319372615e+01
2.400680182419779030e+01
2.735508649461434061e+01
3.205293749926585178e+01
3.672762185413932201e+01
4.155387395511055360e+01
4.658049079666666614e+01
5.259858017434051902e+01
6.053824889361057870e+01
6.763061889943413973e+01
7.573614912781474118e+01
8.489575077717528018e+01
9.436785225713866510e+01
1.046147964775326500e+02
1.150904474023447506e+02
1.287315155422900261e+02
1.436107546517629885e+02
1.613988559512231973e+02
1.760612184178871473e+02
1.915173986398766317e+02
2.109517935080099846e+02
2.277353602483643158e+02
2.512014487267369702e+02
2.757684343280740791e+02
3.044955141971174726e+02
3.326022775113113994e+02
3.593533119339714972e+02
3.873383279797598675e+02
4.172057374176710027e+02
4.504285786271610164e+02
4.843594736086071748e+02
5.209108835489915919e+02
5.613180216243810037e+02
5.972109142875343650e+02
6.384054621766404125e+02
6.751841001596087608e+02
7.111548714018214241e+02
7.398159028697382382e+02
7.622688309307785630e+02
7.762992937523248429e+02
7.816334809168361062e+02
7.779039369796623760e+02
7.636105111530763452e+02
7.418634198564332110e+02
7.087864770138289714e+02
6.734710188859071422e+02
6.329120685674554352e+02
5.934382409405635599e+02
5.530567338355926950e+02
5.188724871380831019e+02
4.866361893403247905e+02
4.573186130459568517e+02
4.305293774782211358e+02
4.056023265082629337e+02
3.784153197289919035e+02
3.522826304796687396e+02
3.246300770305157926e+02
2.968308845965418641e+02
2.725618588677548928e+02
2.475231661580555169e+02
2.251463913376559276e+02
2.006878444062118376e+02
1.780670836068155722e+02
1.571781346881071784e+02
1.392039626895810613e+02
1.199226139295733873e+02
1.047828764586664647e+02
9.288446377011307220e+01
8.156052803747761004e+01
7.202829211771823736e+01
6.253228503970167651e+01
5.224171887964968164e+01
4.394765354317248551e+01
3.637766137304906522e+01
3.079455797258457395e+01
2.577829226051429146e+01
2.228706608043854231e+01
1.850231657253081963e+01
1.580564861859001091e+01
1.309271470159005801e+01
1.164555396073628657e+01
1.014244861705067180e+01
8.575019579737341857e+00
6.880175411166499444e+00
5.390624872394852218e+00
4.531496412340001889e+00
3.958004732540594262e+00
3.249950739138242728e+00
2.358044119915713388e+00
1.964461704997392921e+00
1.307176652732408018e+00
9.966482826907404613e-01
7.982551410250007251e-01
5.542685098087485329e-01
4.670248538210153844e-01
4.059049636966545749e-01
3.888998268765606059e-01
4.288249161411722965e-01
4.256210599846738107e-01
3.770701855285921722e-01
2.935232432288843452e-01
2.269814571671258385e-01
9.044754055948570071e-02
7.023855001586327973e-02
3.598185405957773919e-02
5.027602466369746753e-02
4.214313937415741645e-02
5.175473685567311133e-02
6.259859272217148385e-02
8.675080433205850650e-02
1.007984994619802732e-01
9.784108462628882119e-02
8.403982861372950863e-02
6.333793651559375959e-02
5.816246606174515360e-02
4.929022155467079752e-02
4.879732055101861088e-02
4.337539555569552147e-02
