3.726983300433955870e-01
4.271423713259251409e-01
4.182897043802245030e-01
4.554710116121316599e-01
5.116855709816173770e-01
5.121282103970098420e-01
6.484596016513389793e-01
8.892528079555662712e-01
8.175460247074916031e-01
7.148548253619299020e-01
6.542138850300575070e-01
5.497521016398503324e-01
4.607825737879229222e-01
4.390934930729122887e-01
5.324893939723036596e-01
6.958215099049694929e-01
1.007878854765263954e+00
1.134914944935115244e+00
1.257967330494278224e+00
1.308427661889504545e+00
1.410233645723663054e+00
1.641288882506636737e+00
1.762570718319152574e+00
2.535853257914609138e+00
2.934667102401553596e+00
3.260003616532083814e+00
3.816395348977434931e+00
4.394918690744270329e+00
4.947769286760021146e+00
5.658197810308791098e+00
6.327903890196054704e+00
7.571264254536067995e+00
8.496812914126149252e+00
1.025938369840299025e+01
1.136685555758582566e+01
1.255577210489945372e+01
1.477514180584306835e+01
1.716359804592836724e+01
1.996990112936066097e+01
2.306967091986714280e+01
2.647131764021287736e+01
2.942767377320160094e+01
3.152576160931131355e+01
3.491722725901657753e+01
3.915810926814719295e+01
4.717466352565514853e+01
5.439359059810595909e+01
6.295104488128896492e+01
7.638102025321286703e+01
8.520715362616621746e+01
9.477956885624962524e+01
1.036654575675113819e+02
1.165585168782442196e+02
1.287460164298902328e+02
1.396795327936117133e+02
1.554975214997364503e+02
1.690979108976849261e+02
1.872100746153560920e+02
2.068369339428652154e+02
2.222716007539976033e+02
2.477810731627279210e+02
2.687553118521257716e+02
2.951686439940721698e+02
3.206072955685153261e+02
3.467762934059833242e+02
3.755692276897874535e+02
4.067647840099530754e+02
4.344945113562448569e+02
4.582546910867305883e+02
4.788911992594304365e+02
4.965695804618193279e+02
5.074938007844110643e+02
5.137579649444088545e+02
5.135056637464982714e+02
5.072857612907548628e+02
4.976876730642811708e+02
4.847313181230687746e+02
4.679355504777461761e+02
4.485663058969690837e+02
4.261605876627201610e+02
4.025141654375191251e+02
3.799136880595268622e+02
3.594772510175136517e+02
3.406046415710816291e+02
3.233843873487126075e+02
3.049473295333892793e+02
2.884149287191480653e+02
2.699460011943858149e+02
2.560415220771396321e+02
2.382998430953696243e+02
2.254063410911360847e+02
2.116160613429276225e+02
1.931126082616808048e+02
1.815018606564774188e+02
1.699238694972086989e+02
1.558684511822529544e+02
1.457024632765787544e+02
1.362685925279751871e+02
1.252199905745094100e+02
1.176412015462098992e+02
1.097968319251542368e+02
9.989067086311473531e+01
9.177009674796977379e+01
8.565687075278407292e+01
7.955382538236487733e+01
7.565819852782291832e+01
7.085428549974059820e+01
6.556834365972041212e+01
5.991412986798090401e+01
5.544971712672339237e+01
5.089589263505114758e+01
4.760047839558749416e+01
4.313075451692170503e+01
4.038243634737078480e+01
3.706754598682139346e+01
3.245219550551925636e+01
2.965341717606310112e+01
2.790766676872040009e+01
2.637570834700176547e+01
2.523990796757571786e+01
2.412269804521170968e+01
2.163907574758820118e+01
1.812942662716924858e+01
1.635003567438456429e+01
1.471582872175714485e+01
1.339544977982219898e+01
1.214810551299842878e+01
1.085649780327554481e+01
9.845077967740827773e+00
8.262216936659712019e+00
7.506197062518880081e+00
6.652355064814726049e+00
5.689182176278434255e+00
5.241235894897672942e+00
5.124380403111237214e+00
5.061083657946701564e+00
4.684844146622476835e+00
4.168732252721239817e+00
3.849592732619124824e+00
3.460959710771740472e+00
3.316660907657727364e+00
2.785499365973911789e+00
2.613314519776163358e+00
2.253452600863770083e+00
1.858179874338272919e+00
1.300460255306435720e+00
1.082684108644470511e+00
8.719901187561727163e-01
7.993980566773131180e-01
6.466891205006888299e-01
4.683073277640613097e-01
3.355169805985672160e-01
1.522663205059999747e-01
1.066749329776331690e-01
8.498584434769984597e-02
4.382082722848940765e-02
3.364022356845839529e-02
1.460694504780404683e-02
6.639525273197433713e-03
1.327905054639486613e-03
8.852709158621833605e-04
0.000000000000000000e+00
