0.000000000000000000e+00
0.000000000000000000e+00
0.000000000000000000e+00
0.000000000000000000e+00
2.549533864661252328e-02
2.913752848625460884e-02
2.403847660461227997e-02
2.221738711207896580e-02
3.350816020147227847e-02
3.168705334161822651e-02
3.824300742719000806e-02
3.860723921955326599e-02
7.138696514365278079e-02
1.190996735350235425e-01
1.726398702563244625e-01
3.336247139217414226e-01
4.636509493774884083e-01
5.907634357837113770e-01
6.738053851854273191e-01
7.317161875709647934e-01
8.355186359917784467e-01
8.591928960004330262e-01
1.014350271959613359e+00
1.350888744699996646e+00
1.650276891279331748e+00
2.201340430457414232e+00
2.747669173426283695e+00
3.423295651360616976e+00
4.348047968816437958e+00
4.929341788301656813e+00
5.359484532973914028e+00
6.172421551689436292e+00
7.200612169150415021e+00
8.234266001494527032e+00
9.789481592453617154e+00
1.122304818888481392e+01
1.419544041881040286e+01
1.737616606899819516e+01
2.137784128388583227e+01
2.564685355397299560e+01
2.949227896841386354e+01
3.334389616701901815e+01
3.803030324387223260e+01
4.400713890968683017e+01
5.025641046399858425e+01
5.703707763458176316e+01
6.450356981222624597e+01
7.265333659570535474e+01
8.192526278659127570e+01
9.395323450562310086e+01
1.070662156744134990e+02
1.212401672524626974e+02
1.340337279368716281e+02
1.508329700239519298e+02
1.660059744703565912e+02
1.858570087111000362e+02
2.040322715109094815e+02
2.241448149517056834e+02
2.500641041044943620e+02
2.731537748189097101e+02
3.001777403883468764e+02
3.303161438269999621e+02
3.597993173888593788e+02
3.901861176413178782e+02
4.228696834910899724e+02
4.538192029934270977e+02
4.861177897017958003e+02
5.224020260375721136e+02
5.570327077997280867e+02
5.938443341512924007e+02
6.273422951158515843e+02
6.578223363605316081e+02
6.739215500616020336e+02
6.705197427326287425e+02
6.543688133819189261e+02
6.243560666010534987e+02
5.861939167861511351e+02
5.362736811812685573e+02
4.801788385880140595e+02
4.353314456129652967e+02
3.952746269227187668e+02
3.596161182373892302e+02
3.263479794937593965e+02
2.971372416891924786e+02
2.703321716759168112e+02
2.460005131062627015e+02
2.240654171533618921e+02
2.069321856252596206e+02
1.851781059166015950e+02
1.621816748968789170e+02
1.423062374978163405e+02
1.246386958971496881e+02
1.085427598988405009e+02
9.489983990791174051e+01
8.265005810878788850e+01
7.100233065137001631e+01
6.036713221929923634e+01
5.076850183848953435e+01
4.267518897432321268e+01
3.468240053207875917e+01
2.924788689934420560e+01
2.499307956217380067e+01
2.149912558001029694e+01
1.834170997486339161e+01
1.523564953062822269e+01
1.294908211855510949e+01
1.154829538556191437e+01
1.041630237870187514e+01
8.594114142486343866e+00
6.886654860846967097e+00
5.586756794661335235e+00
4.482808663378988534e+00
3.732881636241025536e+00
3.422931135788946477e+00
3.599213144732726022e+00
2.876602476671672459e+00
1.990821588301970424e+00
1.577797106473700195e+00
1.262747526732175718e+00
1.058784873528180182e+00
8.300552796599582894e-01
7.251601635412223690e-01
6.388402748842113565e-01
5.554341035949322825e-01
4.206730578190240877e-01
3.361742246661569844e-01
2.757138605196992609e-01
2.119755220440995847e-01
1.453234290916880778e-01
1.001602737775771496e-01
7.612180042933751334e-02
5.936772087133013881e-02
7.430070225314382160e-02
3.460081541663283244e-02
1.456879409320982390e-03
7.284375337453988632e-04
0.000000000000000000e+00
