1.416589764173962552e-04
0.000000000000000000e+00
1.191353106217717256e-01
1.325929323793916537e-01
2.405371779537103794e-01
3.306323654801058831e-01
3.515979243866281800e-01
3.916874505186424549e-01
5.894435659567686114e-01
6.660811541009279413e-01
8.729034602044256630e-01
1.161038088008545355e+00
1.398317135679632672e+00
1.943563068011591621e+00
2.291194515384890718e+00
2.415146229252285170e+00
3.169056060160353905e+00
3.767140801725377131e+00
4.248781756334114590e+00
4.963168679152472507e+00
5.400045300983332019e+00
6.573266034049986217e+00
8.083635430841294323e+00
9.560431743997757081e+00
1.282779913748583311e+01
1.537922143495826610e+01
1.845860727961366976e+01
2.302697196817920400e+01
2.698846903076496417e+01
3.192401404031539869e+01
3.834485506508220709e+01
4.327841678264142189e+01
4.985522451881359274e+01
5.739517237896949098e+01
6.558377729799110512e+01
7.525626147046735070e+01
8.560941779175126953e+01
9.821396223891586885e+01
1.123785986082452268e+02
1.279892912392320028e+02
1.441997683484399317e+02
1.623290185558530254e+02
1.821904757549783085e+02
2.002039904953048222e+02
2.195652495444953161e+02
2.447519562254024095e+02
2.706788321370957533e+02
2.971197892033076187e+02
3.260895029970141650e+02
3.590122139449338761e+02
3.972815646998840293e+02
4.350150195269409323e+02
4.741353171273111116e+02
5.137592130361216505e+02
5.513041197319776074e+02
5.910946051592255799e+02
6.381507880193838673e+02
6.836247807723265169e+02
7.291654940532665705e+02
7.779703153551824926e+02
8.275558218598318945e+02
8.775624803105725960e+02
9.289589570099589082e+02
9.809171110021156892e+02
1.029902407581177386e+03
1.069424167280494885e+03
1.100183743582438865e+03
1.121503298800963876e+03
1.131777267540017192e+03
1.134439468139190240e+03
1.129515255336984865e+03
1.115750381704470556e+03
1.091921476799241645e+03
1.060221566985651862e+03
1.022381727317523769e+03
9.791929792625033997e+02
9.337830169719075002e+02
8.820146864354196623e+02
8.314885640983541180e+02
7.819153824414769360e+02
7.353647808682969753e+02
6.848358257682599515e+02
6.385368112545288568e+02
5.934730644387913117e+02
5.538697096151403230e+02
5.137252160598137607e+02
4.738294773559163673e+02
4.298181148546045733e+02
3.941424002617663973e+02
3.585637227262383817e+02
3.253263860109719303e+02
2.903609505642878048e+02
2.588797619044194107e+02
2.249920690918327750e+02
1.966718622995572048e+02
1.714253751242829651e+02
1.458814036397048994e+02
1.263068057097723056e+02
1.087498590011353912e+02
9.543942706097412554e+01
8.380269773824478818e+01
7.381799663497254471e+01
6.586270422982588002e+01
5.579031646535698030e+01
4.587630334266749088e+01
3.819653806405383278e+01
3.209457188891225599e+01
2.595619904732286187e+01
2.269577285391384081e+01
1.911208064211760416e+01
1.464372738138375674e+01
1.125580805777263826e+01
9.250340001868272211e+00
6.914947963996679547e+00
5.621175215975782180e+00
5.062046694297618998e+00
4.605479362155399770e+00
4.201750903549086757e+00
3.793631047044196070e+00
3.444299674697401059e+00
2.538814586511258575e+00
2.071906177138957084e+00
1.496203518121149489e+00
1.016545789498888075e+00
7.373356803490063172e-01
4.567089814613366494e-01
2.731187730320034368e-01
1.971894869469410227e-01
9.986969046227141267e-02
7.847915800391330743e-02
1.422257495306074315e-01
5.765525490748050347e-02
5.963848311038635192e-02
6.190503348789751226e-02
