5.896223720701984986e-03
1.228379917407185738e-02
1.719731942943806755e-02
2.555030767085417209e-02
3.095518551626295564e-02
3.537735403896127839e-02
4.766115614172047876e-02
3.537734818158659589e-02
5.306602373672356099e-02
9.974448519917029909e-02
1.193985720780098153e-01
1.940841159824305273e-01
2.284787621630250398e-01
2.515723170279144383e-01
3.419810885551777813e-01
5.124803140478314534e-01
6.815054872711686640e-01
7.606131630896959539e-01
1.074587220454928271e+00
1.437205162321059104e+00
1.857311239337208875e+00
2.445459803683484257e+00
3.240467749137736053e+00
3.596698086263623750e+00
4.133746073341125538e+00
4.919909621711890502e+00
5.680031314457081315e+00
7.251866967212291293e+00
8.896914202391913662e+00
1.117138346765518442e+01
1.390968937333087574e+01
1.645096291717633719e+01
1.928753911740140836e+01
2.269948868127832498e+01
2.690448073755199943e+01
3.127161903519537844e+01
3.595322271777498457e+01
4.271914227224986149e+01
4.971255799982426993e+01
5.725628814847448922e+01
6.542403583338706596e+01
7.264445607737877708e+01
8.001572206768693718e+01
9.089573349879832165e+01
1.014288505967618619e+02
1.145283000546642285e+02
1.287711262885984809e+02
1.451709882755992282e+02
1.651680397503839401e+02
1.879662895873891841e+02
2.112976579880049144e+02
2.361364939159262804e+02
2.625063845225897126e+02
2.884183326068351789e+02
3.126464180330564204e+02
3.337848816226593840e+02
3.542393823798581707e+02
3.694423104551439110e+02
3.852579543826832378e+02
3.973678200316773541e+02
4.061222429073901594e+02
4.086301053966448080e+02
4.042718126350697503e+02
3.945715370259991346e+02
3.805714384476953001e+02
3.620037309936710699e+02
3.434797527192383200e+02
3.234610816144601131e+02
3.037583509309264400e+02
2.831918213797627573e+02
2.657709290059693217e+02
2.458097459697135321e+02
2.286630284653261924e+02
2.137907801493240925e+02
2.013173136287573755e+02
1.914887950840221720e+02
1.796565426450585790e+02
1.683303831004590450e+02
1.582625772618782491e+02
1.487627731908534372e+02
1.410908004460832785e+02
1.325658397491341987e+02
1.236340399251653395e+02
1.145489377104355100e+02
1.061286348666492074e+02
1.003021810309223412e+02
9.207448873957385160e+01
8.543091588331468245e+01
7.789259027717517370e+01
7.133009007680902869e+01
6.461576261827077872e+01
5.985308580580841209e+01
5.506977217005413650e+01
5.108539734779616737e+01
4.679884048143647846e+01
4.210446191565046092e+01
3.706515365450074739e+01
3.298594751951736015e+01
2.933372682877142523e+01
2.625835320762938352e+01
2.365860891669004573e+01
2.069968584875148565e+01
1.812401757891869636e+01
1.572523622351856787e+01
1.370725265422941419e+01
1.161704045199092050e+01
9.887480584072804390e+00
8.368219563784370152e+00
7.155562280940841013e+00
6.150255596218337395e+00
5.255011828475684155e+00
4.199095978255167338e+00
3.375098314253414333e+00
2.586478039434870979e+00
2.039602988417137386e+00
1.549724849678997707e+00
1.077044014262515725e+00
7.355542320453520855e-01
6.009237474685756863e-01
4.009433843359445082e-01
2.844929065461616058e-01
1.567413315832989762e-01
1.061320914037572477e-01
5.797956595724483575e-02
4.520441505050509096e-02
1.326651728284434020e-02
1.768867848382430982e-02
7.370284776080329725e-03
8.352982384041420308e-03
1.080974983344287939e-02
1.424921489080543079e-02
2.407625833022519410e-02
2.407625247285051159e-02
1.916273807485898220e-02
1.277515676411442730e-02
9.335693171095548262e-03
4.422172915729336365e-03
2.456761592026776575e-03
9.827034653357739555e-04
4.913517326678869777e-04
0.000000000000000000e+00
0.000000000000000000e+00
