0.000000000000000000e+00
0.000000000000000000e+00
7.512012066749426285e-04
1.001601608899923505e-03
2.253603620024827777e-03
2.754404424474789746e-03
5.008008044499617523e-04
1.752805800583118103e-03
2.253609590041331934e-03
2.504009992266312701e-03
2.754407409483041608e-03
1.852964021217746657e-02
3.280247507903438081e-02
4.231769782610428354e-02
4.557290454753316206e-02
9.890824693661087741e-02
1.620092035199587055e-01
1.963141063849131174e-01
4.379507064676055328e-01
6.578024849892617487e-01
7.466947098668569316e-01
9.520232217768446192e-01
1.157351781446964267e+00
1.298076937345262527e+00
1.476612616664706223e+00
1.554737597381552927e+00
1.647385871575142380e+00
1.822415890040783637e+00
2.070062110224404339e+00
2.421624646581804985e+00
3.040615045346128476e+00
4.313401479381495207e+00
4.995743278414011002e+00
5.480018102575857419e+00
6.329377038547625567e+00
7.188000767014156800e+00
8.536909102426411877e+00
1.045522844800964357e+01
1.233022851356042437e+01
1.453550715888969869e+01
1.705954562221916504e+01
2.026392275748105831e+01
2.329001425114723034e+01
2.634991002149688910e+01
2.951472351858869914e+01
3.245292472479960821e+01
3.630984575750353827e+01
4.184395023502218436e+01
4.773212127829305018e+01
5.304412047665279317e+01
5.963291275876168385e+01
6.607647276578995843e+01
7.606770887147061444e+01
8.649914886635274058e+01
9.726587575800621721e+01
1.098785560043791349e+02
1.221534465350067364e+02
1.373312308121687408e+02
1.502789473340201880e+02
1.657539568453406389e+02
1.818134021834852376e+02
1.991105781560644346e+02
2.185965053056581553e+02
2.416889534155742751e+02
2.652531564250612064e+02
2.930603976785324676e+02
3.230851874940503308e+02
3.560023550279975666e+02
3.921211455524779694e+02
4.311500920582777781e+02
4.688388937606643481e+02
5.058163079591348605e+02
5.391513943322934210e+02
5.682231594811385094e+02
5.947050299310387800e+02
6.165409673659058853e+02
6.328798592260752685e+02
6.397475971293132488e+02
6.402902152685550163e+02
6.354925389786307051e+02
6.242533071983929176e+02
6.054374519231388376e+02
5.817575646312130857e+02
5.549073540642450553e+02
5.263201142732633571e+02
4.977403879048114845e+02
4.680386145960372346e+02
4.393524681009017741e+02
4.117217589205560557e+02
3.902566651753985525e+02
3.681447855047642861e+02
3.472879146306345888e+02
3.286333171029885420e+02
3.103801116521935910e+02
2.911062729291211895e+02
2.721644658028171762e+02
2.539450649294452944e+02
2.362039291108839052e+02
2.223707963981164255e+02
2.102050813294063687e+02
1.952942240720566929e+02
1.837257138029552834e+02
1.709011948021212390e+02
1.605616505615986398e+02
1.511230488018228186e+02
1.402278664769628733e+02
1.312484991474029243e+02
1.225037571977083672e+02
1.126051694483090273e+02
1.036661169133507343e+02
9.605644129288310751e+01
8.694511325731396312e+01
8.092548128647300132e+01
7.435321564732406330e+01
6.843900289953661797e+01
6.193083965738948393e+01
5.564828781942383529e+01
5.040790287938971659e+01
4.553135020138982725e+01
4.081280065778022248e+01
3.784855771272514602e+01
3.435096163481760811e+01
3.118514618015466056e+01
2.745417655947116842e+01
2.348307292395008616e+01
2.148036850102914386e+01
1.898437507080439701e+01
1.661032642452762786e+01
1.487104354414324803e+01
1.340594942508360887e+01
1.187700313330890722e+01
1.085336528231915132e+01
9.584835596913949374e+00
7.999799585937021007e+00
6.203926165397159131e+00
5.367588172726428297e+00
4.524489282630383968e+00
4.034455277574941157e+00
3.940555049130358700e+00
3.613782240650974753e+00
3.215895562719267353e+00
2.609925926662981510e+00
2.087089380858322851e+00
2.007962782115030542e+00
1.467347774917307612e+00
1.249749611955709216e+00
7.900140466144642826e-01
6.998697659955956940e-01
5.223357300751675369e-01
4.329426879755770563e-01
4.111578395494666083e-01
3.613280908515055789e-01
3.067407583913359659e-01
2.929687347764579064e-01
2.604166123395164692e-02
2.003206202808098871e-03
0.000000000000000000e+00
0.000000000000000000e+00
0.000000000000000000e+00
0.000000000000000000e+00
0.000000000000000000e+00
0.000000000000000000e+00
0.000000000000000000e+00
0.000000000000000000e+00
0.000000000000000000e+00
0.000000000000000000e+00
0.000000000000000000e+00
