1.956407705984529732e-01
2.345938303348731047e-01
2.324054518542369996e-01
1.811974920614176365e-01
1.908263376801788702e-01
3.269432805196827996e-01
2.844887994313273216e-01
2.455357139335334893e-01
2.669817862604387249e-01
3.076855718361667935e-01
6.980917366620685849e-01
7.370448148227622953e-01
7.593662299330578014e-01
9.519432724195242557e-01
1.185661756710073789e+00
1.369047624317287326e+00
1.601453072910590913e+00
2.108718481512234177e+00
2.380952361973748488e+00
3.087797586960034479e+00
3.400735311367984792e+00
4.311099444830357008e+00
5.739233192090330782e+00
7.011554601109203588e+00
8.526785710141068009e+00
1.053396357360024638e+01
1.255252100713159713e+01
1.474614849431324082e+01
1.764793421592790423e+01
2.079744394350123926e+01
2.405112034878276006e+01
2.723126744258632215e+01
3.288471621639912001e+01
3.835346620960007158e+01
4.325280085615931114e+01
4.919292696098489159e+01
5.475752778006952326e+01
6.094275177572201585e+01
6.829656808440121551e+01
7.517506948969632674e+01
8.299500993783951230e+01
9.099177136728332016e+01
1.003785882092502391e+02
1.107379195935168497e+02
1.217896526580590404e+02
1.333757870743691569e+02
1.448017325142564005e+02
1.592822116885251944e+02
1.738690467228844341e+02
1.897308291036326580e+02
2.063633567682618661e+02
2.248174881003992596e+02
2.431114308497899685e+02
2.600078770594250273e+02
2.777556009420731016e+02
2.967003658761176439e+02
3.178974068975526279e+02
3.362119215104764294e+02
3.547439587805749284e+02
3.713624805182020054e+02
3.894318965945525974e+02
4.040589970685717844e+02
4.181827716940247228e+02
4.308919803187556568e+02
4.446945014130585037e+02
4.549308460250142048e+02
4.612022916145925251e+02
4.646888126163281640e+02
4.649934341708890884e+02
4.594218303948048856e+02
4.514250687765530188e+02
4.387548128977751958e+02
4.219979845963715661e+02
4.043242283581549827e+02
3.861799707994287587e+02
3.670329997613237083e+02
3.492213750575376707e+02
3.250647739392147173e+02
3.042493859687996292e+02
2.840716901126204448e+02
2.621052159471418008e+02
2.412254890219597883e+02
2.209164906234130967e+02
1.971341026639559288e+02
1.743062842245662409e+02
1.533552159220440103e+02
1.347802862568927367e+02
1.172964804601110131e+02
1.019559694596821231e+02
8.799107092377568051e+01
7.488226509617651061e+01
6.427083294230503441e+01
5.517025549297027709e+01
4.835171545076337907e+01
4.071734925343639588e+01
3.470194321474665600e+01
2.932247884220349832e+01
2.439119389105564650e+01
2.121017130149015628e+01
1.646095926593597980e+01
1.378851528408290150e+01
1.072522755055192611e+01
8.962272419542053115e+00
6.756827736875702151e+00
5.139618384174439392e+00
3.804709396539621036e+00
3.205969894477048943e+00
2.494310188147628171e+00
2.022058810616115476e+00
1.738007689342920159e+00
1.200105036143865656e+00
1.205794816329313512e+00
1.011904766352675011e+00
9.646358503894854053e-01
7.558648265162560831e-01
6.643907611808773650e-01
5.081407556242468759e-01
4.337359968499809870e-01
3.247548984520199911e-01
3.116246425684969235e-01
3.225665258410639891e-01
3.177520961837232427e-01
3.365721342907774805e-01
2.748599407688325780e-01
2.372198870551644467e-01
1.816351546485926727e-01
