1.451198483676943152e-01
1.560359529844702053e-01
3.028681272104994937e-01
4.291523758270969213e-01
9.291523710301478056e-01
1.005565051040420821e+00
1.133133502906724210e+00
1.298159209067282660e+00
1.497645535799738470e+00
1.558219224265585234e+00
2.024614824977231553e+00
3.388270674503012891e+00
3.567851076463926407e+00
3.774400619305160021e+00
4.789597499949780790e+00
5.372645381251222041e+00
6.162885018649880919e+00
6.996575081465791435e+00
8.349956954791121433e+00
8.454623118629806200e+00
1.052782527706904858e+01
1.250834761008824358e+01
1.460124134111588212e+01
1.749379260605839193e+01
2.068065043972575623e+01
2.542059057589926496e+01
3.199336456791944272e+01
3.696639547730502784e+01
4.094263693088129941e+01
4.620398081717885219e+01
5.141352673494958481e+01
6.007705410983898275e+01
6.722388611978864503e+01
7.477225933498256438e+01
8.509053850980245670e+01
9.871939122549271417e+01
1.120993137471250236e+02
1.264494854558182766e+02
1.464482008844728966e+02
1.685008548855564641e+02
1.896592453356963119e+02
2.095055641534687254e+02
2.332095452276543313e+02
2.541380554431258361e+02
2.814841593561490072e+02
3.061511107825687077e+02
3.346979860111126754e+02
3.704278661812056157e+02
4.014638253975634257e+02
4.359910078511783809e+02
4.701470436515567144e+02
5.095485848078045024e+02
5.494764533257495032e+02
5.912159651036259902e+02
6.332078318365161067e+02
6.813219151038625796e+02
7.314156651744867759e+02
7.802833875609331926e+02
8.256663072994616641e+02
8.679850146525271839e+02
9.028476007442206992e+02
9.290179776710343731e+02
9.458383974734030062e+02
9.520856152454467747e+02
9.464334308067719803e+02
9.279835167047504001e+02
8.980702025075889878e+02
8.571551770571466022e+02
8.143005109353832722e+02
7.658167779649774047e+02
7.207579173141299407e+02
6.802577028676153077e+02
6.423133533747790125e+02
6.049687476146149265e+02
5.744244400558559391e+02
5.516883536095233467e+02
5.245710588859279824e+02
4.982151089319066273e+02
4.709948604243922432e+02
4.466763677726155493e+02
4.255916074022797488e+02
4.023861284932274884e+02
3.794672501471199553e+02
3.574824467043022196e+02
3.362669074917467356e+02
3.172059058428627054e+02
2.987726868946768377e+02
2.805605715938065714e+02
2.628039377747894605e+02
2.475629270258550889e+02
2.294492711223763877e+02
2.143167792972534471e+02
1.981795792359450559e+02
1.850282526747259908e+02
1.707129697596067501e+02
1.558208461859254044e+02
1.463600164209173613e+02
1.363172084389713632e+02
1.251875001334342841e+02
1.172803942235314310e+02
1.107827483984156913e+02
1.042095462912821233e+02
9.855757712207939392e+01
9.085766288167988591e+01
8.417080521730272835e+01
7.789619050486243168e+01
7.164362198226663736e+01
6.677547131046296158e+01
6.158690117530792918e+01
5.717380188025968124e+01
5.308155000922652533e+01
4.841588229110005415e+01
4.403167829194189409e+01
4.057791095042811946e+01
3.707962319524384753e+01
3.307320197808160600e+01
2.968878427724519753e+01
2.696125844480750544e+01
2.402547061896232350e+01
2.131142968388452985e+01
1.927803919877066008e+01
1.775299648767056482e+01
1.618236300921424942e+01
1.520676374075015680e+01
1.344178095667252926e+01
1.215132712466285092e+01
1.074507715920471185e+01
9.375642340196526092e+00
7.926370007343182422e+00
7.146190149288573323e+00
6.324272388783730214e+00
5.450984685082141290e+00
4.662243223251545388e+00
4.252996724673023365e+00
3.860659356075913262e+00
3.463185076563529918e+00
2.865796306247070380e+00
2.258347558521040632e+00
1.921018815841780913e+00
1.397902483426748832e+00
1.138698684102664282e+00
1.065282554569820128e+00
8.313355903613240949e-01
5.567208209955324394e-01
4.302225592354797512e-01
3.510274012152054812e-01
3.020120082958920316e-01
2.853167976877868939e-01
2.632705545792841106e-01
2.277397352895916272e-01
1.579623197345700891e-01
1.275684863124808277e-01
1.175085548311471939e-01
7.726883337105790173e-02
6.913528713869722397e-02
6.549657539349712509e-02
6.934933440938387261e-02
5.201200303966051902e-02
3.553084799484031164e-02
1.455481636197599599e-02
9.845891227460887643e-03
7.063351979810898046e-03
5.136981402357963453e-03
2.568490701178981726e-03
1.284245350589490863e-03
2.140408917649151439e-04
0.000000000000000000e+00
0.000000000000000000e+00
0.000000000000000000e+00
0.000000000000000000e+00
0.000000000000000000e+00
0.000000000000000000e+00
0.000000000000000000e+00
0.000000000000000000e+00
0.000000000000000000e+00
0.000000000000000000e+00
0.000000000000000000e+00
