3.425380871529121012e-03
4.215849152001321064e-03
6.060280898369183218e-03
5.006323714581950926e-03
5.006322144054844124e-03
2.107925361264214453e-02
8.089164457272920994e-02
1.567769842772017419e-01
1.920847313299549053e-01
2.086846421756993752e-01
2.094751167382800094e-01
1.865514298087428968e-01
1.507166939556699170e-01
1.288469610688658118e-01
1.457103702410879609e-01
1.372786750781395393e-01
1.312183721923908530e-01
1.493992258811881468e-01
2.065767183849622490e-01
2.237035991847012573e-01
2.964270327862157384e-01
3.059127228256019460e-01
3.188237529028125627e-01
3.670425630138455242e-01
3.833789975204918155e-01
3.744202868582627297e-01
4.184232399646588552e-01
4.010328576973879455e-01
3.649346282294186339e-01
5.325147015172956300e-01
8.052276026514086915e-01
9.880901705379430133e-01
1.008115575333168312e+00
1.095594516303547428e+00
1.176222659408744597e+00
1.714534204748489055e+00
2.228077645547072549e+00
2.505533422326156945e+00
3.062816306910969288e+00
3.557124903855898523e+00
4.262489640479043551e+00
4.656144824588881903e+00
5.329100172464150020e+00
6.314028527204443186e+00
7.477603500950798399e+00
8.271500955117492282e+00
9.287521244665924769e+00
1.124868293027401300e+01
1.290076975765658496e+01
1.469777642260815931e+01
1.629426661709207380e+01
1.859375018576194449e+01
2.071485041466370447e+01
2.328441198287032421e+01
2.677461000639964084e+01
2.996811750509837324e+01
3.321221537344647601e+01
3.675194958250020960e+01
4.004005073140961457e+01
4.414997933020981691e+01
4.926459781800414106e+01
5.431018145535059460e+01
5.930359451442605234e+01
6.727656000882738851e+01
7.488801670190053983e+01
8.297428356414475559e+01
9.071511417567654689e+01
1.017975339369179295e+02
1.136045531773371238e+02
1.254476706165989981e+02
1.387818824620776184e+02
1.524976289259429905e+02
1.665253483919618418e+02
1.835784683173638712e+02
2.016747477432967344e+02
2.220043744177292240e+02
2.425524349183843071e+02
2.610705633212704129e+02
2.851486097099369204e+02
3.140148087856194934e+02
3.431940355878417677e+02
3.760948046872276223e+02
4.079771827196491927e+02
4.387473668526185975e+02
4.667796172683785016e+02
4.918568199971599597e+02
5.118950269794370911e+02
5.275255604293731722e+02
5.364233786114577924e+02
5.368636718104651209e+02
5.293172968019107429e+02
5.176615219564815789e+02
4.996005502807425387e+02
4.794290176016384066e+02
4.558745273930754252e+02
4.314138926942573562e+02
4.075113323188903678e+02
3.854777104225996140e+02
3.635508033547481546e+02
3.418686784455210272e+02
3.188277321175042403e+02
3.002413605413639743e+02
2.819139987448604074e+02
2.648300505172567796e+02
2.503451754458399421e+02
2.372077915575638087e+02
2.249035649036935354e+02
2.133929725260509827e+02
2.018929193869019514e+02
1.863751599602840940e+02
1.719300711486633020e+02
1.600656111482813628e+02
1.511556720015597648e+02
1.413980834810361671e+02
1.325071158871513148e+02
1.244053027834460607e+02
1.168341604509025018e+02
1.079753385982389773e+02
1.003422754884243631e+02
9.240725206314864693e+01
8.734981115894866832e+01
8.132799359707516373e+01
7.506033948671330336e+01
7.062842545820429052e+01
6.384353901292582378e+01
5.769682753498196348e+01
5.259327580571224559e+01
4.876475543660091461e+01
4.477366139801316791e+01
4.162178526304247583e+01
3.868860654567460955e+01
3.630902184547250044e+01
3.310102229846820165e+01
3.136778038001382285e+01
2.928330511181390605e+01
2.661704242191769154e+01
2.415709297406733569e+01
2.069798679032926714e+01
1.862668621700891691e+01
1.692190116764522045e+01
1.588559232991421233e+01
1.407672850726074998e+01
1.267021501744652845e+01
1.138806925822696492e+01
1.003846980185321769e+01
8.575305815402915144e+00
8.046216375397088783e+00
7.371679834964957045e+00
6.335634474358309731e+00
5.378899779359215039e+00
4.513596189263297198e+00
3.882272450118302132e+00
3.433547692583845734e+00
2.943981949296508027e+00
2.473651005102802003e+00
1.884485745698866843e+00
1.539049337148465257e+00
1.219962090630756446e+00
1.048956633330296206e+00
8.555543993742630304e-01
6.510855969274024213e-01
5.354131611211705444e-01
4.402929775630442522e-01
2.848334833477038086e-01
2.658621425321089915e-01
2.471542969019376867e-01
1.720594380421542058e-01
9.907251239627046235e-02
8.115514132867977792e-02
6.429173215645762884e-02
5.454258305377140265e-02
4.084106113818202627e-02
3.504426286101944288e-02
3.319983268517869013e-02
1.001264899969100952e-02
6.060285609950504492e-03
2.634907879475598385e-03
1.317453939737799192e-03
2.634904738421383914e-04
7.904745625806297539e-04
3.425379301002013342e-03
1.212056650831968771e-02
