1.360887041604938452e-01
1.411290273966152864e-01
1.484604068974420821e-01
1.697672211464024694e-01
2.316257170786605868e-01
2.417063690132059961e-01
2.446847440691287956e-01
2.710319143280255916e-01
2.792797398226352090e-01
3.072306106844780449e-01
3.191440999835642445e-01
3.402218006857154475e-01
3.544263407872044747e-01
4.071206171229437842e-01
4.226997948068677569e-01
4.591275459903775835e-01
4.673753496357772597e-01
4.270527623812299112e-01
4.893695004284381866e-01
5.395435946624824730e-01
5.936125181396860739e-01
6.628023758202878923e-01
7.787298116166571083e-01
9.226080732108735694e-01
1.318502517094797488e+00
1.559521567316785928e+00
1.780608419023039124e+00
1.939378594815774681e+00
2.136638536885424600e+00
2.450513159118789197e+00
2.843429182882794670e+00
3.237948944120288441e+00
3.722965421668551489e+00
4.237078307087251972e+00
5.143878184657685537e+00
5.927190220098166762e+00
7.352914133374073735e+00
8.670500197647211138e+00
9.950742094102929869e+00
1.188187292282663421e+01
1.333234032897327914e+01
1.534846927383450321e+01
1.794286081540095168e+01
2.054091788762825388e+01
2.413077293171430071e+01
2.796393825571514213e+01
3.213068114967792610e+01
3.702116853699546795e+01
4.201154614719521163e+01
4.748075419171136957e+01
5.355640482212091769e+01
5.955003566092256762e+01
6.599385870273752630e+01
7.310277551734857582e+01
8.099362933516633234e+01
9.060346269488465509e+01
1.013766941054562949e+02
1.130727628058865832e+02
1.249379112741628575e+02
1.398073209762365536e+02
1.555587872480454621e+02
1.723478721581738000e+02
1.908648718767075820e+02
2.105711589258743288e+02
2.306451596342890298e+02
2.505663466957995809e+02
2.722873884400685824e+02
2.937683270871366403e+02
3.143951596768676495e+02
3.324605924872096807e+02
3.484924847971582267e+02
3.637749723642190247e+02
3.753271629996980323e+02
3.832929345316190961e+02
3.872214081312073404e+02
3.877556822365122571e+02
3.848325250365790566e+02
3.779868503999718996e+02
3.687396911348426443e+02
3.561443817962911567e+02
3.414085401280829615e+02
3.250449033661628278e+02
3.099576141671591927e+02
2.938947923409089071e+02
2.781007120015694909e+02
2.624292036086932853e+02
2.487428944852869392e+02
2.347450023517012596e+02
2.211397971863697194e+02
2.090405028038917692e+02
1.992212667080773087e+02
1.890695988592525225e+02
1.794494556889888486e+02
1.687598478703150704e+02
1.598678027270115933e+02
1.523849854984558192e+02
1.442414275186185648e+02
1.371199099054762200e+02
1.310525073402197904e+02
1.240991532967816369e+02
1.163217061946217683e+02
1.092542579685695614e+02
1.024385963981736296e+02
9.551914997639194382e+01
8.932688486143739226e+01
8.241591562825607298e+01
7.638035825784167798e+01
7.016999389951682531e+01
6.530837365289565355e+01
6.073473918844353392e+01
5.610474494498911469e+01
5.194327164894718152e+01
4.775109797268231659e+01
4.411977492655215372e+01
4.072901263049205767e+01
3.718291655663521311e+01
3.380681710765639991e+01
3.038398005256751588e+01
2.742393616084391894e+01
2.457317564864520065e+01
2.253138687860362666e+01
2.081813547204458814e+01
1.890808231637013037e+01
1.666124407174693900e+01
1.519153194155139808e+01
1.384507853379391129e+01
1.248946085113409410e+01
1.110795424784099339e+01
9.960135400617533108e+00
8.988956920802593231e+00
8.148368611205315304e+00
7.395298648666579489e+00
6.740973124832264851e+00
6.157899389106266774e+00
5.504261179283654215e+00
4.989231877913835156e+00
4.177052720212254933e+00
3.662481614527814067e+00
3.098881874462900754e+00
2.613407186890714495e+00
2.234466581487935422e+00
1.961601865300335090e+00
1.743035154728508340e+00
1.494913867229590299e+00
1.291009906783175509e+00
1.079087237120111675e+00
9.439149181852855008e-01
7.768969537684820015e-01
6.034640346782124132e-01
4.391953577164593447e-01
2.879856777025108228e-01
1.457111371948746903e-01
1.138654780571411729e-01
9.095491131336108648e-02
8.179069308241790348e-02
5.681819181419537484e-02
6.117118806564562916e-02
7.766677828674967143e-02
8.064515539103589425e-02
7.079362519675336252e-02
6.185850958801434457e-02
5.773459684070953585e-02
5.452711916258258518e-02
4.834127462198657688e-02
3.413672359589257910e-02
2.611803076615081681e-02
2.359786914809008929e-02
2.474340001159399532e-02
2.268145319697094722e-02
1.832844602091571184e-02
1.145527722679974374e-02
8.706012986534851159e-03
5.040323236121460257e-03
2.520158886909484863e-03
4.582107067108154297e-04
0.000000000000000000e+00
0.000000000000000000e+00
0.000000000000000000e+00
0.000000000000000000e+00
0.000000000000000000e+00
