0.000000000000000000e+00
9.796228902093295169e-04
4.408308844954990195e-03
6.367557544880152534e-03
8.816619149663230959e-03
1.616378352746694266e-02
1.861284659200327513e-02
3.281740185609058336e-02
5.240988009682269466e-02
5.681818310276467998e-02
7.543102969476794817e-02
6.171629755381132648e-02
9.698275663542522962e-02
1.542907482637880801e-01
1.920062645709253168e-01
2.130681829859844278e-01
2.204153605015674033e-01
2.566614497721568799e-01
3.100509279433836252e-01
3.771551484738397964e-01
4.241770953757448837e-01
5.064654707044456972e-01
5.711206296301186702e-01
6.176527650869191310e-01
8.003526238788818414e-01
1.268123019615124081e+00
1.759404313625026361e+00
2.556818080511306324e+00
3.381171579061070354e+00
4.147237341932742183e+00
4.800156601135353363e+00
5.522139465690336202e+00
7.202684209276235983e+00
9.094337763890280257e+00
1.116183387472507427e+01
1.342231585450038445e+01
1.589096785847062598e+01
1.971835812530407495e+01
2.147384380814429505e+01
2.345562278954341551e+01
2.514155565855548602e+01
2.930936510462991151e+01
3.440291941279784993e+01
3.861040352452487667e+01
4.436961199614207629e+01
5.025078348766539449e+01
5.809952944510202144e+01
6.661197074919246575e+01
7.729770745414229793e+01
8.867652728576300092e+01
9.947981906771589422e+01
1.096370489090946734e+02
1.223305241623747435e+02
1.311236278877081247e+02
1.449696308953087680e+02
1.590399675493290772e+02
1.777297211728835293e+02
1.975489792472034765e+02
2.187132628485494763e+02
2.433561897795752600e+02
2.686520361686037859e+02
2.934546423409948943e+02
3.246497828906605037e+02
3.520591673623700331e+02
3.851155935917859665e+02
4.178991947575985932e+02
4.502306985845833083e+02
4.800058740788200566e+02
5.063680408399867474e+02
5.366795621651771171e+02
5.720493705276484206e+02
6.219043868417240901e+02
6.749510165087901896e+02
7.326905343391083534e+02
7.832004282960002683e+02
8.215047007488294639e+02
8.417109128833692466e+02
8.504467072829510244e+02
8.496203947565802537e+02
8.324451388096543951e+02
8.008512897234662660e+02
7.561172599054663124e+02
6.968338540000702324e+02
6.326753493641294881e+02
5.693005463843770713e+02
5.175636745098872780e+02
4.757577368447106210e+02
4.359095795091926107e+02
4.083414948370225943e+02
3.851890652282652354e+02
3.540404577120783642e+02
3.300857154216740241e+02
3.052306997988097237e+02
2.752253122704007069e+02
2.490727848888463996e+02
2.266810339635389937e+02
2.042897726581753091e+02
1.874426913571392106e+02
1.696076599974477119e+02
1.545307604820638403e+02
1.393416926874574813e+02
1.282136564708291360e+02
1.168877349990904690e+02
1.091394003036907918e+02
9.783209303720944661e+01
8.888273914111047702e+01
7.977223812987834606e+01
6.792270801029005156e+01
5.758571771990222032e+01
4.970709261965068038e+01
4.242163030999978446e+01
3.648510989207529320e+01
3.268955751149958644e+01
2.905025476367916326e+01
2.596297049836538662e+01
2.236628153129279184e+01
1.849823665030032060e+01
1.614518029380627695e+01
1.380485889812432099e+01
1.197541150661129983e+01
1.049715936317861775e+01
8.846003444519384473e+00
8.276352135455061543e+00
7.418691344594956938e+00
6.012441213082136748e+00
5.141065919444805843e+00
3.294474990410017678e+00
2.126273454322412437e+00
1.532621376510551858e+00
1.079545483058084843e+00
7.151253886380726232e-01
5.784678626163252124e-01
3.918495327000707795e-01
3.046630049667388151e-01
3.374803834667773894e-01
2.453957471214117947e-01
1.552704324636339783e-01
8.375787389315782205e-02
6.514499810608950781e-02
1.004114425901708879e-01
5.192004529566600357e-02
3.869513335833354994e-02
7.347183354595985573e-03
8.326809164311818612e-03
