6.445586829741683024e-03
4.889756165561432062e-03
2.222628482375002394e-04
0.000000000000000000e+00
4.445256964750004787e-04
8.890513929500009575e-04
8.890513929500009575e-04
2.222620533675930508e-03
6.445592128874397253e-03
2.489331447298123029e-02
4.378555456486399322e-02
5.867708988413532917e-02
6.312232035322175305e-02
6.667850870284043607e-02
6.245553975720832818e-02
5.045340291805999744e-02
3.445055733195070274e-02
5.667674147217914571e-02
1.095750304217189275e-01
1.398026307310861471e-01
1.415807401409020228e-01
1.802542796663166302e-01
3.689545276939105722e-01
3.351707191631770333e-01
3.911806853384754423e-01
4.929765525034193185e-01
7.772493384153201790e-01
9.208304607501494043e-01
1.166874183816133170e+00
1.455369838652536219e+00
1.674075411555819626e+00
2.060366371861138468e+00
2.266625274280099411e+00
2.673808781358586906e+00
3.171897347576672299e+00
3.489064891288748527e+00
3.962482390647083630e+00
4.460793185931435367e+00
5.834148401874058365e+00
7.089927273896519111e+00
9.150071376947895629e+00
1.074679953590628934e+01
1.217683150060739905e+01
1.350417857059671078e+01
1.558610430890813525e+01
1.924742157352428507e+01
2.343416601401398580e+01
2.776426898560965029e+01
3.231463364253760062e+01
3.771225995202661352e+01
4.429009578231811872e+01
5.168252101753921579e+01
5.966038378213060867e+01
6.867954269522512334e+01
7.669674570053375362e+01
8.718838841989033028e+01
9.828458360799059790e+01
1.123266350686587174e+02
1.282250172179390972e+02
1.453178332683697818e+02
1.635317381761274476e+02
1.819494564154011016e+02
2.018318807117205154e+02
2.218752216407300466e+02
2.432303510336033128e+02
2.679796397724423400e+02
2.913409044110291575e+02
3.165602760093772190e+02
3.441407346767542208e+02
3.766087294658208862e+02
4.090607200920943569e+02
4.432752467320959227e+02
4.836037493063134320e+02
5.228974012857379421e+02
5.627838251804671472e+02
5.976942535199173108e+02
6.296506020047398806e+02
6.620921466098322981e+02
6.988291228124653571e+02
7.348230763399445777e+02
7.621526018680625612e+02
7.846021488403131343e+02
7.911259748676201298e+02
7.900066651134973199e+02
7.763806882024256311e+02
7.519543457002635023e+02
7.152431539409220704e+02
6.731745634833830536e+02
6.282961416256297298e+02
5.842000811181434301e+02
5.416340702039054804e+02
5.012046610130060458e+02
4.668978952156389255e+02
4.382661389984580751e+02
4.120099157643746821e+02
3.828305061606016011e+02
3.590787286452212470e+02
3.408932742594584511e+02
3.191596326023435495e+02
2.937035515580186029e+02
2.740758397807877031e+02
2.537528934102282960e+02
2.324424382338265787e+02
2.133592680730203881e+02
1.953894066754172059e+02
1.792560940414467154e+02
1.630996659964920639e+02
1.504474164624791115e+02
1.370954871001146103e+02
1.243701135853698219e+02
1.127342663159786724e+02
1.018009891961721110e+02
9.190100674738691566e+01
8.243021153202207074e+01
7.324502283759755983e+01
6.620132583617412081e+01
5.933588299929107279e+01
5.237775703687267281e+01
4.594572458529989234e+01
4.076080287046264061e+01
3.516803029539615721e+01
3.017380899823552909e+01
2.528871817164557712e+01
2.122066133214454808e+01
1.848017404390470020e+01
1.666340685695784529e+01
1.393892242022423034e+01
1.187611120696024614e+01
1.015202695660155285e+01
8.589749168843074045e+00
6.689411266753251262e+00
5.918385482169316703e+00
5.088904720269392890e+00
4.545474807158176311e+00
3.315478479350582042e+00
2.564900509673958773e+00
2.098595371697055789e+00
2.048141958387727612e+00
1.935677466434486238e+00
1.315567182750569719e+00
9.857307626716104165e-01
6.885667852156531765e-01
4.225195475600945771e-01
3.118331525554273731e-01
2.958303440632470971e-01
3.165007048256027744e-01
3.233908372235670958e-01
2.916074247969841493e-01
2.578236242149496982e-01
2.884957343233937599e-01
2.124822085158923346e-01
1.471372716033441663e-01
1.193545520263240428e-01
6.045519134525215166e-02
1.800319797241501166e-02
2.556009771856101662e-02
2.667140931018216216e-03
1.111308942054786480e-03
8.890474186004649606e-04
