3.555388758683989802e-03
1.010478970533359479e-02
8.982035448540469716e-03
1.178892206646011201e-02
8.963322696348506591e-02
9.786676208371530850e-02
1.231287472217739709e-01
2.554266496065134007e-01
2.698353240768352479e-01
3.783682556432521049e-01
4.745508806255763212e-01
5.555763383379239695e-01
6.104042025807197014e-01
6.614895188946745552e-01
7.537425046753205571e-01
8.523577641595355692e-01
1.014970086966669127e+00
1.395022465943632106e+00
1.683944598478850585e+00
1.948727529166924377e+00
2.280314337646220491e+00
2.938809826228388378e+00
3.566803787918594093e+00
3.907372677854881182e+00
5.184693031102240113e+00
6.026384624872846985e+00
6.524326216462932315e+00
7.729228985081789460e+00
8.934131597550752701e+00
1.077975290315086276e+01
1.203237261926730284e+01
1.395752233068645509e+01
1.669985027523700083e+01
1.997342812748553342e+01
2.401347285687984723e+01
2.723465550932782264e+01
3.114801619716356740e+01
3.607092033493092487e+01
4.072717029481434992e+01
4.589333799873300279e+01
5.288154903707278720e+01
6.112387703604784406e+01
6.832877969509408445e+01
7.717739476586697833e+01
8.711863717937028184e+01
9.779883908630003475e+01
1.066375368505139107e+02
1.161540037190784176e+02
1.290802763302707206e+02
1.413521701383925802e+02
1.579528434664599388e+02
1.740089812529660946e+02
1.916534423794315671e+02
2.098364511763392670e+02
2.278811745534505917e+02
2.492307257476056463e+02
2.735935621540770626e+02
3.007488763582694560e+02
3.275982398803632805e+02
3.550224543800424044e+02
3.828749991968360291e+02
4.125950590687145905e+02
4.417707710965357819e+02
4.724653815248323099e+02
5.050785923564547488e+02
5.371899325438931783e+02
5.705198355450247618e+02
6.049257111011705774e+02
6.376951717897416074e+02
6.687060257552392386e+02
7.027303520131724781e+02
7.324577097809583393e+02
7.566002997655831450e+02
7.788353300904004755e+02
7.916830089563660522e+02
7.962181890112540259e+02
7.922002261167832557e+02
7.783882862534151172e+02
7.620853302892977581e+02
7.371375384307285685e+02
7.065331222463335052e+02
6.697080842470248854e+02
6.321938639318481137e+02
5.987556147588484237e+02
5.655501513822076731e+02
5.317309138837722458e+02
4.968089442379134084e+02
4.672419537186084426e+02
4.416117145607044563e+02
4.163510482331659546e+02
3.912593568879469785e+02
3.651686002453998299e+02
3.423218564046365486e+02
3.155035547881448679e+02
2.887359651847405075e+02
2.622526191398055175e+02
2.369921403231927286e+02
2.119751117792758350e+02
1.906289292827407564e+02
1.711152695012725076e+02
1.499887716445464036e+02
1.362309127354514828e+02
1.231940487453548059e+02
1.083793036981616780e+02
9.653386934470415781e+01
8.611564329291364572e+01
7.674008197082112304e+01
6.699307567121400098e+01
5.829135425392995273e+01
5.005145933235783673e+01
4.425299378836243136e+01
3.723484257551211130e+01
3.167140702155842646e+01
2.762930367482145755e+01
2.399981270962837954e+01
2.063772432216091701e+01
1.826758963842932104e+01
1.549419890981150871e+01
1.381006732072073362e+01
1.183270949209499356e+01
9.714071801584772459e+00
8.620134664909958389e+00
7.582148199470178263e+00
6.855725967583196301e+00
5.168038884925092447e+00
4.380052397341305692e+00
3.792290458515632068e+00
3.311377226041830824e+00
2.570359318337297250e+00
1.844124257680263002e+00
1.571107789815520572e+00
1.102732013580584480e+00
8.250374115186515089e-01
7.894835191915470229e-01
6.772080739586430198e-01
3.763098630100533137e-01
3.203592812823700675e-01
2.011601723909021144e-01
2.136975964587070342e-01
1.002994036960030699e-01
9.898952359032488213e-02
7.316617484756572642e-02
6.474550523443850514e-02
3.574101566643771849e-02
8.233534004873858947e-03
