1.192561893309016831e-02
5.062305400397547339e-02
6.060163719678222233e-02
9.102414788626064790e-02
9.710864364126017834e-02
9.832555729884225049e-02
1.530860669655591810e-01
2.414330327303099433e-01
3.115264872942015151e-01
3.424357514787825241e-01
4.643691671762696926e-01
5.188862930234765525e-01
4.753212671512244691e-01
4.636390363896190081e-01
7.530179217811732162e-01
9.637850654424628960e-01
1.202540909885965625e+00
1.555198596099919728e+00
1.920268705152439415e+00
2.699815040030676183e+00
3.887509741650668094e+00
4.518107502580535950e+00
5.352414458644840778e+00
6.065031230693387343e+00
7.241043736548903098e+00
8.449912536163985521e+00
9.636390285139954770e+00
1.114120921794603625e+01
1.333649734574053802e+01
1.657223523027957057e+01
1.946772787882438749e+01
2.279595016756434589e+01
2.535071056677069024e+01
2.822381206222365790e+01
3.119694305276657786e+01
3.537334495034022552e+01
3.971548863440734323e+01
4.414184195020510515e+01
4.827151459570490744e+01
5.328441378063917000e+01
5.894786778046290010e+01
6.609910421618884868e+01
7.508323576456012916e+01
8.590513010455093479e+01
9.457822221931870388e+01
1.064520050755033225e+02
1.171548867170594548e+02
1.300411312232962473e+02
1.445774913984358250e+02
1.592277546688051757e+02
1.767832450313450749e+02
1.937794480900294047e+02
2.101606301397300740e+02
2.296982074105267770e+02
2.498571350448837336e+02
2.707917152183541134e+02
2.973203849811919213e+02
3.248313371446766951e+02
3.522084300814547078e+02
3.821281151385195471e+02
4.134959114625334564e+02
4.413237440388220421e+02
4.728567952411125930e+02
5.077187983005277374e+02
5.405205919340124865e+02
5.809820400538449121e+02
6.230590453881311532e+02
6.652397295010219977e+02
7.057990190320803094e+02
7.418674563429996169e+02
7.706043145802841536e+02
7.935830426856264239e+02
8.092197259040596009e+02
8.142973642578316458e+02
8.053962248392008405e+02
7.931605352939619706e+02
7.689361871012364418e+02
7.370400119164336274e+02
6.985655186692944199e+02
6.578419491189177961e+02
6.181298669842340132e+02
5.817435743655129272e+02
5.480344613761161554e+02
5.115729650986457955e+02
4.797191389525748946e+02
4.476474880993295642e+02
4.157503396891909233e+02
3.857362241140328365e+02
3.607284366261073387e+02
3.335185458345902134e+02
3.042822721385889508e+02
2.792905471984890369e+02
2.569373042092947230e+02
2.325966214262746234e+02
2.097812008581277041e+02
1.874812596236940294e+02
1.681500676678180923e+02
1.543470108585567857e+02
1.400515963367840868e+02
1.288076806497960263e+02
1.165274528894795338e+02
1.029602314020591223e+02
9.299576456779672640e+01
8.150749595791741342e+01
7.131985003315239169e+01
6.399191977279231480e+01
5.717849467611382863e+01
5.061380449340481391e+01
4.277477607754243394e+01
3.723690598981703204e+01
3.248710054920542234e+01
2.772682984362282355e+01
2.415401075726028424e+01
2.083089952360739971e+01
1.791204230419601018e+01
1.548554310288622560e+01
1.394859792133706122e+01
1.243355721504553735e+01
1.121860398808305703e+01
1.002920560389713600e+01
8.676012366686620680e+00
7.237149480018747028e+00
5.883469580704596247e+00
5.023121052213822324e+00
4.174698145784121017e+00
3.278572743086179297e+00
2.515089551982037541e+00
1.512363702011645827e+00
1.157028803484357660e+00
9.852025048253112427e-01
9.842289700459346813e-01
8.625389352213080896e-01
7.162675124772960311e-01
5.235104934773712193e-01
3.536312225799879694e-01
2.905957986864716736e-01
1.645249258755848432e-01
1.224201844245009774e-01
1.007593461715636657e-01
5.792445616326599711e-02
2.847546914656214415e-02
1.022196338567128368e-02
9.248444064871358047e-03
5.110980060845149442e-03
1.947038641599851266e-03
0.000000000000000000e+00
0.000000000000000000e+00
